# Coloring with 92 colors
1 54
2 34
3 48
4 37
5 83
6 81
7 24
8 52
9 17
10 14
11 42
12 35
13 11
14 21
15 44
16 69
17 31
18 23
19 11
20 60
21 4
22 31
23 5
24 6
25 53
26 78
27 66
28 25
29 45
30 37
31 63
32 29
33 62
34 80
35 68
36 32
37 27
38 8
39 88
40 73
41 51
42 59
43 14
44 85
45 12
46 14
47 59
48 81
49 52
50 62
51 37
52 30
53 13
54 4
55 22
56 39
57 45
58 87
59 15
60 91
61 13
62 10
63 67
64 40
65 19
66 20
67 38
68 46
69 80
70 84
71 36
72 28
73 5
74 23
75 73
76 11
77 10
78 29
79 39
80 7
81 71
82 43
83 54
84 76
85 46
86 35
87 56
88 55
89 3
90 8
91 1
92 12
93 53
94 89
95 48
96 82
97 35
98 69
99 60
100 1
101 7
102 77
103 42
104 84
105 85
106 90
107 16
108 48
109 24
110 79
111 65
112 58
113 16
114 83
115 25
116 78
117 72
118 86
119 61
120 30
121 31
122 20
123 25
124 36
125 15
126 65
127 61
128 28
129 28
130 86
131 88
132 40
133 43
134 33
135 27
136 72
137 3
138 34
139 68
140 17
141 33
142 92
143 44
144 7
145 47
146 32
147 74
148 34
149 33
150 19
151 17
152 2
153 29
154 55
155 41
156 73
157 50
158 83
159 4
160 79
161 75
162 11
163 63
164 32
165 9
166 77
167 57
168 30
169 87
170 71
171 72
172 70
173 2
174 1
175 49
176 59
177 20
178 50
179 56
180 21
181 51
182 47
183 18
184 90
185 5
186 21
187 26
188 22
189 61
190 15
191 50
192 58
193 76
194 41
195 75
196 64
197 56
198 22
199 53
200 36
201 51
202 42
203 10
204 52
205 71
206 46
207 2
208 74
209 68
210 62
211 38
212 18
213 36
214 44
215 70
216 9
217 49
218 41
219 57
220 63
221 67
222 40
223 37
224 38
225 54
226 55
227 43
228 42
229 64
230 45
231 12
232 26
233 47
234 77
235 70
236 6
237 67
238 86
239 6
240 13
241 23
242 64
243 39
244 78
245 66
246 19
247 82
248 24
249 75
250 26
